109,49
109,48
109,47
109,46
109,45
109,44
109,43
109,42
109,41
109,40
109,39
109,38
109,37
109,36
109,35
108,1
108,3
10,168
10,242
10,260
10,278
10,254
10,34
10,224
10,128
11,6
11,28
21,3
21,2
21,1
21,0
11,14
11,27
11,24
11,21
11,17
11,15
11,11
11,5
11,3
11,2
11,1
10,275
10,249
10,195
10,137
9,6
9,4
10,31
8,8
8,14
8,16
10,21
8,4
10,9
8,10
12,2
12,1
12,3
10,7
10,3
10,2
10,1
9,7
9,5
9,3
9,2
9,1
8,18
8,17
8,13
8,11
8,9
8,6
8,3
8,2
8,1
7,13
7,12
7,11
7,10
7,9
7,8
7,7
7,6
7,5
7,4
7,1
6,7
6,6
6,5
6,4
6,1
4,88
4,87
4,86
4,85
4,84
4,83
4,82
4,81
4,80
4,79
4,78
4,77
20,2
20,1
4,76
20,3
4,75
4,74
4,73
4,72
4,71
19,2
19,1
4,70
